101 208715
111 298838
121 430881
131 585976
141 786770
151 1.04075e+06
161 1.3491e+06
171 1.74366e+06
181 2.14262e+06
191 2.65496e+06
201 3.32129e+06
211 4.02206e+06
221 4.75469e+06
231 5.7289e+06
241 6.69839e+06
251 7.82799e+06
261 9.43339e+06
271 1.08646e+07
281 1.23729e+07
291 1.4349e+07
301 1.66175e+07
311 1.86608e+07
321 2.10251e+07
331 2.41552e+07
341 2.70353e+07
351 3.02731e+07
361 3.43221e+07
371 3.75434e+07
381 4.06774e+07
391 4.69613e+07
401 5.25606e+07
411 5.57991e+07
421 6.11854e+07
431 6.90582e+07
441 7.07646e+07
451 8.40479e+07
461 8.92888e+07
471 9.79511e+07
481 1.08531e+08
491 1.16581e+08
501 1.24433e+08
511 1.36822e+08
521 1.42108e+08
531 1.54024e+08
541 1.69047e+08
551 1.9099e+08
561 2.01542e+08
571 2.15067e+08
581 2.36436e+08
591 2.41093e+08
